% freq [Hz]	Model (first stage) [dBc/Hz]	Model (second Stage) [dBc/Hz]
10	-58.56866009	-78.17607263
10.23292992	-59.00008167	-78.59182607
10.47128548	-59.43055825	-79.00611615
10.71519305	-59.86009148	-79.41893274
10.96478196	-60.28868299	-79.83026574
11.22018454	-60.71633439	-80.24010505
11.48153621	-61.14304732	-80.64844061
11.74897555	-61.56882339	-81.05526242
12.02264435	-61.99366421	-81.46056052
12.30268771	-62.4175714	-81.86432505
12.58925412	-62.84054654	-82.26654627
12.88249552	-63.26259125	-82.66721454
13.18256739	-63.68370711	-83.06632035
13.48962883	-64.10389571	-83.4638544
13.80384265	-64.52315864	-83.85980751
14.12537545	-64.94149747	-84.25417076
14.45439771	-65.35891377	-84.6469354
14.79108388	-65.77540911	-85.03809296
15.13561248	-66.19098505	-85.42763522
15.48816619	-66.60564316	-85.81555424
15.84893192	-67.01938497	-86.20184238
16.21810097	-67.43221205	-86.58649234
16.59586907	-67.84412592	-86.96949716
16.98243652	-68.25512813	-87.35085024
17.37800829	-68.6652202	-87.73054537
17.7827941	-69.07440366	-88.10857674
18.19700859	-69.48268004	-88.48493897
18.62087137	-69.89005084	-88.85962712
19.05460718	-70.29651758	-89.23263671
19.498446	-70.70208176	-89.60396373
19.95262315	-71.10674488	-89.97360467
20.41737945	-71.51050843	-90.34155654
20.89296131	-71.91337391	-90.70781686
21.3796209	-72.31534279	-91.07238369
21.87761624	-72.71641656	-91.43525563
22.38721139	-73.11659669	-91.79643187
22.90867653	-73.51588465	-92.15591214
23.44228815	-73.9142819	-92.51369678
23.98832919	-74.31178989	-92.86978671
24.54708916	-74.7084101	-93.22418343
25.11886432	-75.10414396	-93.57688907
25.70395783	-75.49899292	-93.92790635
26.30267992	-75.89295841	-94.2772386
26.91534804	-76.28604189	-94.62488978
27.54228703	-76.67824476	-94.97086444
28.18382931	-77.06956847	-95.31516775
28.84031503	-77.46001444	-95.65780549
29.51209227	-77.84958408	-95.99878405
30.1995172	-78.2382788	-96.33811039
30.90295433	-78.62610002	-96.67579211
31.6227766	-79.01304915	-97.01183736
32.35936569	-79.39912758	-97.34625488
33.11311215	-79.78433671	-97.67905397
33.88441561	-80.16867795	-98.01024449
34.67368505	-80.55215268	-98.33983685
35.48133892	-80.93476229	-98.66784198
36.30780548	-81.31650817	-98.99427132
37.15352291	-81.69739171	-99.31913681
38.01893963	-82.07741427	-99.64245089
38.9045145	-82.45657725	-99.96422645
39.81071706	-82.83488201	-100.2844768
40.73802778	-83.21232993	-100.6032158
41.68693835	-83.58892239	-100.9204575
42.65795188	-83.96466074	-101.2362166
43.65158322	-84.33954637	-101.5505079
44.66835922	-84.71358063	-101.8633468
45.70881896	-85.0867649	-102.1747489
46.77351413	-85.45910053	-102.4847301
47.86300923	-85.8305889	-102.7933067
48.97788194	-86.20123136	-103.100495
50.11872336	-86.57102928	-103.4063118
51.2861384	-86.93998402	-103.7107741
52.48074602	-87.30809695	-104.013899
53.70317964	-87.67536942	-104.3157037
54.95408739	-88.04180281	-104.6162059
56.23413252	-88.40739848	-104.9154231
57.54399373	-88.7721578	-105.213373
58.88436554	-89.13608213	-105.5100735
60.25595861	-89.49917285	-105.8055424
61.65950019	-89.86143132	-106.0997978
63.09573445	-90.22285892	-106.3928577
64.5654229	-90.58345703	-106.68474
66.0693448	-90.94322702	-106.9754628
67.60829754	-91.30217029	-107.2650441
69.18309709	-91.66028821	-107.553502
70.79457844	-92.01758218	-107.8408543
72.44359601	-92.37405359	-108.1271189
74.13102413	-92.72970384	-108.4123137
75.8577575	-93.08453433	-108.6964564
77.62471166	-93.43854646	-108.9795645
79.43282347	-93.79174166	-109.2616557
81.28305162	-94.14412134	-109.5427471
83.17637711	-94.49568692	-109.8228562
85.11380382	-94.84643984	-110.102
87.096359	-95.19638153	-110.3801954
89.12509381	-95.54551343	-110.6574592
91.20108394	-95.893837	-110.933808
93.32543008	-96.24135369	-111.2092582
95.4992586	-96.58806498	-111.483826
97.7237221	-96.93397232	-111.7575274
100	-97.27907721	-112.0303782
102.3292992	-97.62338113	-112.3023941
104.7128548	-97.96688558	-112.5735904
107.1519305	-98.30959208	-112.8439822
109.6478196	-98.65150214	-113.1135846
112.2018454	-98.99261729	-113.3824122
114.8153621	-99.33293906	-113.6504796
117.4897555	-99.672469	-113.9178009
120.2264435	-100.0112087	-114.1843903
123.0268771	-100.3491597	-114.4502614
125.8925412	-100.6863235	-114.7154278
128.8249552	-101.0227019	-114.9799029
131.8256739	-101.3582963	-115.2436997
134.8962883	-101.6931084	-115.506831
138.0384265	-102.0271398	-115.7693094
141.2537545	-102.3603922	-116.0311472
144.5439771	-102.6928672	-116.2923566
147.9108388	-103.0245665	-116.5529494
151.3561248	-103.3554918	-116.8129372
154.8816619	-103.6856447	-117.0723315
158.4893192	-104.015027	-117.3311434
162.1810097	-104.3436404	-117.5893838
165.9586907	-104.6714866	-117.8470634
169.8243652	-104.9985674	-118.1041927
173.7800829	-105.3248845	-118.360782
177.827941	-105.6504398	-118.6168412
181.9700859	-105.9752349	-118.8723802
186.2087137	-106.2992718	-119.1274086
190.5460718	-106.6225522	-119.3819356
194.98446	-106.945078	-119.6359705
199.5262315	-107.2668511	-119.8895222
204.1737945	-107.5878732	-120.1425994
208.9296131	-107.9081463	-120.3952106
213.796209	-108.2276724	-120.6473643
218.7761624	-108.5464532	-120.8990685
223.8721139	-108.8644909	-121.1503311
229.0867653	-109.1817872	-121.40116
234.4228815	-109.4983441	-121.6515626
239.8832919	-109.8141638	-121.9015464
245.4708916	-110.1292481	-122.1511184
251.1886432	-110.443599	-122.4002859
257.0395783	-110.7572186	-122.6490555
263.0267992	-111.070109	-122.8974339
269.1534804	-111.3822722	-123.1454277
275.4228703	-111.6937103	-123.3930431
281.8382931	-112.0044253	-123.6402864
288.4031503	-112.3144195	-123.8871635
295.1209227	-112.6236949	-124.1336803
301.995172	-112.9322536	-124.3798425
309.0295433	-113.2400979	-124.6256556
316.227766	-113.5472299	-124.871125
323.5936569	-113.8536518	-125.1162559
331.1311215	-114.1593657	-125.3610536
338.8441561	-114.464374	-125.6055228
346.7368505	-114.7686789	-125.8496686
354.8133892	-115.0722826	-126.0934954
363.0780548	-115.3751873	-126.337008
371.5352291	-115.6773954	-126.5802107
380.1893963	-115.9789092	-126.8231079
389.045145	-116.2797309	-127.0657036
398.1071706	-116.5798629	-127.3080021
407.3802778	-116.8793076	-127.5500071
416.8693835	-117.1780672	-127.7917225
426.5795188	-117.4761441	-128.0331519
436.5158322	-117.7735407	-128.2742991
446.6835922	-118.0702595	-128.5151673
457.0881896	-118.3663027	-128.75576
467.7351413	-118.6616728	-128.9960805
478.6300923	-118.9563722	-129.2361317
489.7788194	-119.2504034	-129.4759168
501.1872336	-119.5437688	-129.7154386
512.861384	-119.8364708	-129.9546999
524.8074602	-120.128512	-130.1937035
537.0317964	-120.4198946	-130.4324519
549.5408739	-120.7106214	-130.6709477
562.3413252	-121.0006946	-130.9091931
575.4399373	-121.2901168	-131.1471906
588.8436554	-121.5788906	-131.3849422
602.5595861	-121.8670184	-131.62245
616.5950019	-122.1545026	-131.8597161
630.9573445	-122.4413459	-132.0967423
645.654229	-122.7275508	-132.3335303
660.693448	-123.0131196	-132.5700819
676.0829754	-123.2980551	-132.8063986
691.8309709	-123.5823596	-133.0424818
707.9457844	-123.8660357	-133.2783331
724.4359601	-124.1490859	-133.5139535
741.3102413	-124.4315128	-133.7493442
758.577575	-124.7133188	-133.9845064
776.2471166	-124.9945065	-134.2194409
794.3282347	-125.2750783	-134.4541486
812.8305162	-125.5550369	-134.6886301
831.7637711	-125.8343845	-134.9228862
851.1380382	-126.1131238	-135.1569173
870.96359	-126.3912573	-135.3907238
891.2509381	-126.6687873	-135.6243058
912.0108394	-126.9457164	-135.8576637
933.2543008	-127.222047	-136.0907974
954.992586	-127.4977815	-136.3237067
977.237221	-127.7729224	-136.5563914
1000	-128.047472	-136.7888512
1023.292992	-128.3214327	-137.0210855
1047.128548	-128.5948069	-137.2530937
1071.519305	-128.8675969	-137.484875
1096.478196	-129.1398051	-137.7164284
1122.018454	-129.4114337	-137.9477527
1148.153621	-129.6824849	-138.1788468
1174.897555	-129.9529612	-138.4097091
1202.264435	-130.2228645	-138.6403381
1230.268771	-130.4921972	-138.870732
1258.925412	-130.7609613	-139.1008888
1288.249552	-131.0291589	-139.3308063
1318.256739	-131.2967922	-139.5604822
1348.962883	-131.563863	-139.7899138
1380.384265	-131.8303735	-140.0190984
1412.537545	-132.0963255	-140.248033
1445.439771	-132.3617209	-140.4767143
1479.108388	-132.6265616	-140.7051388
1513.561248	-132.8908492	-140.9333029
1548.816619	-133.1545856	-141.1612024
1584.893192	-133.4177723	-141.3888331
1621.810097	-133.680411	-141.6161905
1659.586907	-133.942503	-141.8432696
1698.243652	-134.20405	-142.0700654
1737.800829	-134.4650532	-142.2965724
1778.27941	-134.725514	-142.5227846
1819.700859	-134.9854334	-142.748696
1862.087137	-135.2448127	-142.9743001
1905.460718	-135.5036527	-143.1995898
1949.8446	-135.7619545	-143.424558
1995.262315	-136.0197188	-143.6491968
2041.737945	-136.2769464	-143.8734982
2089.296131	-136.5336377	-144.0974536
2137.96209	-136.7897932	-144.3210539
2187.761624	-137.0454133	-144.5442895
2238.721139	-137.3004982	-144.7671506
2290.867653	-137.5550478	-144.9896264
2344.228815	-137.8090621	-145.2117059
2398.832919	-138.0625408	-145.4333775
2454.708916	-138.3154835	-145.6546289
2511.886432	-138.5678897	-145.8754473
2570.395783	-138.8197584	-146.0958191
2630.267992	-139.0710887	-146.3157303
2691.534804	-139.3218795	-146.535166
2754.228703	-139.5721295	-146.7541107
2818.382931	-139.8218369	-146.9725482
2884.031503	-140.071	-147.1904615
2951.209227	-140.3196167	-147.4078328
3019.95172	-140.5676847	-147.6246435
3090.295433	-140.8152015	-147.8408743
3162.27766	-141.0621641	-148.0565048
3235.936569	-141.3085694	-148.271514
3311.311215	-141.554414	-148.4858799
3388.441561	-141.7996942	-148.6995794
3467.368505	-142.0444057	-148.9125886
3548.133892	-142.2885443	-149.1248827
3630.780548	-142.5321051	-149.3364358
3715.352291	-142.7750829	-149.5472209
3801.893963	-143.0174723	-149.7572101
3890.45145	-143.2592671	-149.9663744
3981.071706	-143.500461	-150.1746838
4073.802778	-143.7410472	-150.3821069
4168.693835	-143.9810184	-150.5886117
4265.795188	-144.2203667	-150.7941646
4365.158322	-144.4590838	-150.9987311
4466.835922	-144.697161	-151.2022756
4570.881896	-144.9345888	-151.4047614
4677.351413	-145.1713573	-151.6061506
4786.300923	-145.407456	-151.806404
4897.788194	-145.6428737	-152.0054817
5011.872336	-145.8775986	-152.2033424
5128.61384	-146.1116182	-152.3999439
5248.074602	-146.3449195	-152.5952428
5370.317964	-146.5774885	-152.7891949
5495.408739	-146.8093106	-152.9817549
5623.413252	-147.0403706	-153.1728765
5754.399373	-147.2706522	-153.3625127
5888.436554	-147.5001385	-153.5506157
6025.595861	-147.7288117	-153.7371369
6165.950019	-147.9566532	-153.922027
6309.573445	-148.1836433	-154.1052361
6456.54229	-148.4097617	-154.2867141
6606.93448	-148.6349868	-154.4664101
6760.829754	-148.8592964	-154.6442732
6918.309709	-149.0826671	-154.8202523
7079.457844	-149.3050745	-154.9942962
7244.359601	-149.5264932	-155.1663538
7413.102413	-149.7468968	-155.3363744
7585.77575	-149.9662578	-155.5043075
7762.471166	-150.1845475	-155.6701032
7943.282347	-150.4017364	-155.8337122
8128.305162	-150.6177935	-155.9950862
8317.637711	-150.8326871	-156.1541779
8511.380382	-151.046384	-156.3109411
8709.6359	-151.2588502	-156.465331
8912.509381	-151.4700504	-156.6173044
9120.108394	-151.6799482	-156.7668197
9332.543008	-151.8885061	-156.9138372
9549.92586	-152.0956855	-157.0583194
9772.37221	-152.3014469	-157.2002307
10000	-152.5057495	-157.3395382
10232.92992	-152.7085516	-157.4762112
10471.28548	-152.9098107	-157.610222
10715.19305	-153.109483	-157.7415454
10964.78196	-153.3075242	-157.8701592
11220.18454	-153.503889	-157.9960443
11481.53621	-153.6985313	-158.1191847
11748.97555	-153.8914044	-158.2395675
12022.64435	-154.0824609	-158.3571831
12302.68771	-154.2716531	-158.4720253
12589.25412	-154.4589328	-158.5840912
12882.49552	-154.6442513	-158.6933814
13182.56739	-154.82756	-158.7998996
13489.62883	-155.00881	-158.9036531
13803.84265	-155.1879525	-159.0046524
14125.37545	-155.3649391	-159.1029115
14454.39771	-155.5397214	-159.1984473
14791.08388	-155.7122518	-159.2912801
15135.61248	-155.882483	-159.381433
15488.16619	-156.0503688	-159.4689324
15848.93192	-156.2158638	-159.5538072
16218.10097	-156.3789237	-159.6360891
16595.86907	-156.5395057	-159.7158124
16982.43652	-156.6975682	-159.7930138
17378.00829	-156.8530713	-159.867732
17782.7941	-157.0059771	-159.9400082
18197.00859	-157.1562495	-160.0098852
18620.87137	-157.3038545	-160.0774076
19054.60718	-157.4487604	-160.1426218
19498.446	-157.5909381	-160.2055752
19952.62315	-157.7303609	-160.2663169
20417.37945	-157.867005	-160.3248966
20892.96131	-158.0008492	-160.3813651
21379.6209	-158.1318755	-160.4357741
21877.61624	-158.2600689	-160.4881756
22387.21139	-158.3854173	-160.5386221
22908.67653	-158.5079121	-160.5871664
23442.28815	-158.6275478	-160.6338614
23988.32919	-158.7443224	-160.67876
24547.08916	-158.858237	-160.721915
25118.86432	-158.9692962	-160.7633788
25703.95783	-159.0775078	-160.8032037
26302.67992	-159.182883	-160.8414413
26915.34804	-159.2854361	-160.8781427
27542.28703	-159.3851849	-160.9133584
28183.82931	-159.48215	-160.9471382
28840.31503	-159.5763553	-160.979531
29512.09227	-159.6678274	-161.0105848
30199.5172	-159.7565959	-161.040347
30902.95433	-159.842693	-161.0688637
31622.7766	-159.9261535	-161.09618
32359.36569	-160.0070145	-161.1223403
33113.11215	-160.0853157	-161.1473876
33884.41561	-160.1610984	-161.1713638
34673.68505	-160.2344062	-161.1943099
35481.33892	-160.3052844	-161.2162658
36307.80548	-160.3737798	-161.2372699
37153.52291	-160.4399408	-161.2573599
38018.93963	-160.5038168	-161.276572
38904.5145	-160.5654586	-161.2949416
39810.71706	-160.6249177	-161.3125028
40738.02778	-160.6822464	-161.3292885
41686.93835	-160.7374976	-161.3453306
42657.95188	-160.7907247	-161.36066
43651.58322	-160.8419813	-161.3753064
44668.35922	-160.8913214	-161.3892984
45708.81896	-160.9387986	-161.4026637
46773.51413	-160.9844668	-161.4154289
47863.00923	-161.0283793	-161.4276197
48977.88194	-161.0705895	-161.4392607
50118.72336	-161.1111499	-161.4503757
51286.1384	-161.1501128	-161.4609874
52480.74602	-161.1875296	-161.4711179
53703.17964	-161.2234513	-161.4807881
54954.08739	-161.2579278	-161.4900183
56234.13252	-161.2910084	-161.4988279
57543.99373	-161.3227413	-161.5072354
58884.36554	-161.3531739	-161.5152588
60255.95861	-161.3823524	-161.522915
61659.50019	-161.4103223	-161.5302207
63095.73445	-161.4371276	-161.5371913
64565.4229	-161.4628116	-161.5438421
66069.3448	-161.4874163	-161.5501873
67608.29754	-161.5109825	-161.5562408
69183.09709	-161.53355	-161.5620157
70794.57844	-161.5551574	-161.5675248
72443.59601	-161.5758422	-161.57278
74131.02413	-161.5956407	-161.5777929
75857.7575	-161.6145881	-161.5825747
77624.71166	-161.6327185	-161.5871357
79432.82347	-161.6500647	-161.5914861
81283.05162	-161.6666586	-161.5956356
83176.37711	-161.6825311	-161.5995934
85113.80382	-161.6977116	-161.6033682
87096.359	-161.712229	-161.6069685
89125.09381	-161.7261107	-161.6104024
91201.08394	-161.7393834	-161.6136774
93325.43008	-161.7520727	-161.6168009
95499.2586	-161.7642033	-161.6197798
97723.7221	-161.7757988	-161.622621
100000	-161.7868821	-161.6253307